Predicted   0   1   2   3   4   5   6   7   8   9  All
True                                                  
0          19   0   0   0   0   0   0   0   0   0   19
1           0  35   0   0   0   0   0   0   0   0   35
2           0   0  24   0   0   0   0   0   0   0   24
3           0   0   0  23   0   0   0   0   0   0   23
4           0   1   0   0  32   0   0   0   0   1   34
5           0   0   0   0   0  26   0   0   0   0   26
6           0   0   0   0   0   0  22   0   0   0   22
7           0   0   0   0   0   0   0  31   0   0   31
8           0   0   0   0   0   0   0   0  14   0   14
9           0   0   0   0   0   1   0   0   2  25   28
All        19  36  24  23  32  27  22  31  16  26  256
Precision: 0.981
Recall: 0.980
F1-measure: 0.980
test 1555,0.98046875
test2 1555,0.98046875
Accuracy: 0.98
confusion matrix
[[19  0  0  0  0  0  0  0  0  0]
 [ 0 35  0  0  0  0  0  0  0  0]
 [ 0  0 24  0  0  0  0  0  0  0]
 [ 0  0  0 23  0  0  0  0  0  0]
 [ 0  1  0  0 32  0  0  0  0  1]
 [ 0  0  0  0  0 26  0  0  0  0]
 [ 0  0  0  0  0  0 22  0  0  0]
 [ 0  0  0  0  0  0  0 31  0  0]
 [ 0  0  0  0  0  0  0  0 14  0]
 [ 0  0  0  0  0  1  0  0  2 25]]
Predicted   0   1   2   3   4   5   6   7   8   9  All
True                                                  
0          19   0   0   0   0   0   0   0   0   0   19
1           0  35   0   0   0   0   0   0   0   0   35
2           0   0  24   0   0   0   0   0   0   0   24
3           0   0   0  23   0   0   0   0   0   0   23
4           0   1   0   0  32   0   0   0   0   1   34
5           0   0   0   0   0  26   0   0   0   0   26
6           0   0   0   0   0   0  22   0   0   0   22
7           0   0   0   0   0   0   0  31   0   0   31
8           0   0   0   0   0   0   0   0  14   0   14
9           0   0   0   0   0   1   0   0   2  25   28
All        19  36  24  23  32  27  22  31  16  26  256
Precision: 0.981
Recall: 0.980
F1-measure: 0.980
test 1556,0.98046875
test2 1556,0.98046875
Accuracy: 0.98
confusion matrix
[[19  0  0  0  0  0  0  0  0  0]
 [ 0 35  0  0  0  0  0  0  0  0]
 [ 0  0 24  0  0  0  0  0  0  0]
 [ 0  0  0 23  0  0  0  0  0  0]
 [ 0  1  0  0 32  0  0  0  0  1]
 [ 0  0  0  0  0 26  0  0  0  0]
 [ 0  0  0  0  0  0 22  0  0  0]
 [ 0  0  0  0  0  0  0 31  0  0]
 [ 0  0  0  0  0  0  0  0 14  0]
 [ 0  0  0  0  0  1  0  0  2 25]]
Predicted   0   1   2   3   4   5   6   7   8   9  All
True                                                  
0          19   0   0   0   0   0   0   0   0   0   19
1           0  35   0   0   0   0   0   0   0   0   35
2           0   0  24   0   0   0   0   0   0   0   24
3           0   0   0  23   0   0   0   0   0   0   23
4           0   1   0   0  32   0   0   0   0   1   34
5           0   0   0   0   0  26   0   0   0   0   26
6           0   0   0   0   0   0  22   0   0   0   22
7           0   0   0   0   0   0   0  31   0   0   31
8           0   0   0   0   0   0   0   0  14   0   14
9           0   0   0   0   0   1   0   0   2  25   28
All        19  36  24  23  32  27  22  31  16  26  256
Precision: 0.981
Recall: 0.980
F1-measure: 0.980
test 1557,0.9765625
test2 1557,0.9765625
Accuracy: 0.98
confusion matrix
[[19  0  0  0  0  0  0  0  0  0]
 [ 0 35  0  0  0  0  0  0  0  0]
 [ 0  0 24  0  0  0  0  0  0  0]
 [ 0  0  1 22  0  0  0  0  0  0]
 [ 0  1  0  0 32  0  0  0  0  1]
 [ 0  0  0  0  0 26  0  0  0  0]
 [ 0  0  0  0  0  0 22  0  0  0]
 [ 0  0  0  0  0  0  0 31  0  0]
 [ 0  0  0  0  0  0  0  0 14  0]
 [ 0  0  0  0  0  1  0  0  2 25]]
Predicted   0   1   2   3   4   5   6   7   8   9  All
True                                                  
0          19   0   0   0   0   0   0   0   0   0   19
1           0  35   0   0   0   0   0   0   0   0   35
2           0   0  24   0   0   0   0   0   0   0   24
3           0   0   1  22   0   0   0   0   0   0   23
4           0   1   0   0  32   0   0   0   0   1   34
5           0   0   0   0   0  26   0   0   0   0   26
6           0   0   0   0   0   0  22   0   0   0   22
7           0   0   0   0   0   0   0  31   0   0   31
8           0   0   0   0   0   0   0   0  14   0   14
9           0   0   0   0   0   1   0   0   2  25   28
All        19  36  25  22  32  27  22  31  16  26  256
Precision: 0.978
Recall: 0.977
F1-measure: 0.976
test 1558,0.9765625
test2 1558,0.9765625
Accuracy: 0.98
confusion matrix
[[19  0  0  0  0  0  0  0  0  0]
 [ 0 35  0  0  0  0  0  0  0  0]
 [ 0  0 24  0  0  0  0  0  0  0]
 [ 0  0  2 21  0  0  0  0  0  0]
 [ 0  1  0  0 32  0  0  0  0  1]
 [ 0  0  0  0  0 26  0  0  0  0]
 [ 0  0  0  0  0  0 22  0  0  0]
 [ 0  0  0  0  0  0  0 31  0  0]
 [ 0  0  0  0  0  0  0  0 14  0]
 [ 0  0  0  0  0  1  0  0  1 26]]
Predicted   0   1   2   3   4   5   6   7   8   9  All
True                                                  
0          19   0   0   0   0   0   0   0   0   0   19
1           0  35   0   0   0   0   0   0   0   0   35
2           0   0  24   0   0   0   0   0   0   0   24
3           0   0   2  21   0   0   0   0   0   0   23
4           0   1   0   0  32   0   0   0   0   1   34
5           0   0   0   0   0  26   0   0   0   0   26
6           0   0   0   0   0   0  22   0   0   0   22
7           0   0   0   0   0   0   0  31   0   0   31
8           0   0   0   0   0   0   0   0  14   0   14
9           0   0   0   0   0   1   0   0   1  26   28
All        19  36  26  21  32  27  22  31  15  27  256
Precision: 0.978
Recall: 0.977
F1-measure: 0.976
test 1559,0.9765625
test2 1559,0.9765625
Accuracy: 0.98
confusion matrix
[[19  0  0  0  0  0  0  0  0  0]
 [ 0 35  0  0  0  0  0  0  0  0]
 [ 0  0 24  0  0  0  0  0  0  0]
 [ 0  0  2 21  0  0  0  0  0  0]
 [ 0  1  0  0 32  0  0  0  0  1]
 [ 0  0  0  0  0 26  0  0  0  0]
 [ 0  0  0  0  0  0 22  0  0  0]
 [ 0  0  0  0  0  0  0 31  0  0]
 [ 0  0  0  0  0  0  0  0 14  0]
 [ 0  0  0  0  0  1  0  0  1 26]]
Predicted   0   1   2   3   4   5   6   7   8   9  All
True                                                  
0          19   0   0   0   0   0   0   0   0   0   19
1           0  35   0   0   0   0   0   0   0   0   35
2           0   0  24   0   0   0   0   0   0   0   24
3           0   0   2  21   0   0   0   0   0   0   23
4           0   1   0   0  32   0   0   0   0   1   34
5           0   0   0   0   0  26   0   0   0   0   26
6           0   0   0   0   0   0  22   0   0   0   22
7           0   0   0   0   0   0   0  31   0   0   31
8           0   0   0   0   0   0   0   0  14   0   14
9           0   0   0   0   0   1   0   0   1  26   28
All        19  36  26  21  32  27  22  31  15  27  256
Precision: 0.978
Recall: 0.977
F1-measure: 0.976
test 1560,0.9765625
test2 1560,0.9765625
Accuracy: 0.98
confusion matrix
[[19  0  0  0  0  0  0  0  0  0]
 [ 0 35  0  0  0  0  0  0  0  0]
 [ 0  0 24  0  0  0  0  0  0  0]
 [ 0  0  2 21  0  0  0  0  0  0]
 [ 0  1  0  0 32  0  0  0  0  1]
 [ 0  0  0  0  0 26  0  0  0  0]
 [ 0  0  0  0  0  0 22  0  0  0]
 [ 0  0  0  0  0  0  0 31  0  0]
 [ 0  0  0  0  0  0  0  0 14  0]
 [ 0  0  0  0  0  1  0  0  1 26]]
Predicted   0   1   2   3   4   5   6   7   8   9  All
True                                                  
0          19   0   0   0   0   0   0   0   0   0   19
1           0  35   0   0   0   0   0   0   0   0   35
2           0   0  24   0   0   0   0   0   0   0   24
3           0   0   2  21   0   0   0   0   0   0   23
4           0   1   0   0  32   0   0   0   0   1   34
5           0   0   0   0   0  26   0   0   0   0   26
6           0   0   0   0   0   0  22   0   0   0   22
7           0   0   0   0   0   0   0  31   0   0   31
8           0   0   0   0   0   0   0   0  14   0   14
9           0   0   0   0   0   1   0   0   1  26   28
All        19  36  26  21  32  27  22  31  15  27  256
Precision: 0.978
Recall: 0.977
F1-measure: 0.976
test 1561,0.97265625
test2 1561,0.97265625
Accuracy: 0.97
confusion matrix
[[19  0  0  0  0  0  0  0  0  0]
 [ 0 35  0  0  0  0  0  0  0  0]
 [ 0  0 24  0  0  0  0  0  0  0]
 [ 0  0  2 21  0  0  0  0  0  0]
 [ 0  1  0  0 32  0  0  0  0  1]
 [ 0  0  0  0  0 26  0  0  0  0]
 [ 0  0  0  0  0  0 22  0  0  0]
 [ 0  0  0  0  0  0  0 31  0  0]
 [ 0  0  0  0  0  0  0  0 14  0]
 [ 0  0  0  0  0  1  0  0  2 25]]
Predicted   0   1   2   3   4   5   6   7   8   9  All
True                                                  
0          19   0   0   0   0   0   0   0   0   0   19
1           0  35   0   0   0   0   0   0   0   0   35
2           0   0  24   0   0   0   0   0   0   0   24
3           0   0   2  21   0   0   0   0   0   0   23
4           0   1   0   0  32   0   0   0   0   1   34
5           0   0   0   0   0  26   0   0   0   0   26
6           0   0   0   0   0   0  22   0   0   0   22
7           0   0   0   0   0   0   0  31   0   0   31
8           0   0   0   0   0   0   0   0  14   0   14
9           0   0   0   0   0   1   0   0   2  25   28
All        19  36  26  21  32  27  22  31  16  26  256
Precision: 0.974
Recall: 0.973
F1-measure: 0.973
test 1562,0.98046875
test2 1562,0.98046875
Accuracy: 0.98
confusion matrix
[[19  0  0  0  0  0  0  0  0  0]
 [ 0 35  0  0  0  0  0  0  0  0]
 [ 0  0 24  0  0  0  0  0  0  0]
 [ 0  0  0 23  0  0  0  0  0  0]
 [ 0  1  0  0 32  0  0  0  0  1]
 [ 0  0  0  0  0 26  0  0  0  0]
 [ 0  0  0  0  0  0 22  0  0  0]
 [ 0  0  0  0  0  0  0 31  0  0]
 [ 0  0  0  0  0  0  0  0 14  0]
 [ 0  0  0  0  0  1  0  0  2 25]]
Predicted   0   1   2   3   4   5   6   7   8   9  All
True                                                  
0          19   0   0   0   0   0   0   0   0   0   19
1           0  35   0   0   0   0   0   0   0   0   35
2           0   0  24   0   0   0   0   0   0   0   24
3           0   0   0  23   0   0   0   0   0   0   23
4           0   1   0   0  32   0   0   0   0   1   34
5           0   0   0   0   0  26   0   0   0   0   26
6           0   0   0   0   0   0  22   0   0   0   22
7           0   0   0   0   0   0   0  31   0   0   31
8           0   0   0   0   0   0   0   0  14   0   14
9           0   0   0   0   0   1   0   0   2  25   28
All        19  36  24  23  32  27  22  31  16  26  256
Precision: 0.981
Recall: 0.980
F1-measure: 0.980
<<<<<<DONE>>>>>>

